00110000
11110010
00001001
00000000
00000000
00000000
00000000
00000000
00000000
00000000
00110000
11110011
00010101
00000000
00000000
00000000
00000000
00000000
00000000
00000000
01100001
00100011
00110000
11110100
10000000
00000000
00000000
00000000
00000000
00000000
00000000
00000000
01000000
01000011
01100100
00000000
00000000
00000000
00000000
00000000
00000000
00000000
10100000
00101111
10110000
00001111
01110100
01000000
00000000
00000000
00000000
00000000
00000000
00000000
00000000
10000000
01000001
00000000
00000000
00000000
00000000
00000000
00000000
00000000
00000000
10010000